1 0.192370 0.242828 0.233766 0.253132
1 0.113636 0.755152 0.191558 0.206006
1 0.497159 0.508079 0.211851 0.382391
1 0.666396 0.732935 0.102273 0.107716
1 0.732955 0.547799 0.092532 0.127913
1 0.915179 0.710719 0.114448 0.208699
1 0.451705 0.166081 0.127435 0.086173
1 0.864042 0.164735 0.062500 0.080787
1 0.911120 0.473744 0.041396 0.103676
1 0.295455 0.767270 0.073052 0.074055
1 0.445617 0.846710 0.110390 0.079440
1 0.776786 0.676385 0.055195 0.053858
1 0.821023 0.347851 0.060877 0.091558
1 0.212256 0.493268 0.101461 0.088866